51, 1
CDF
!diameter CDF
2.4644e-03 0.0000e+00
2.9369e-03 5.3333e-04
3.4095e-03 5.3333e-04
3.8821e-03 8.0000e-04
4.3547e-03 1.4667e-03
4.8272e-03 2.9333e-03
5.2998e-03 4.9333e-03
5.7724e-03 1.0400e-02
6.2450e-03 2.0000e-02
6.7176e-03 3.2933e-02
7.1901e-03 5.0667e-02
7.6627e-03 7.9867e-02
8.1353e-03 1.1947e-01
8.6079e-03 1.6627e-01
9.0805e-03 2.2347e-01
9.5530e-03 2.8213e-01
1.0026e-02 3.4387e-01
1.0498e-02 4.0120e-01
1.0971e-02 4.5773e-01
1.1443e-02 5.1107e-01
1.1916e-02 5.5613e-01
1.2389e-02 5.8973e-01
1.2861e-02 6.1787e-01
1.3334e-02 6.3827e-01
1.3806e-02 6.5040e-01
1.4279e-02 6.6000e-01
1.4751e-02 6.6427e-01
1.5224e-02 6.6840e-01
1.5697e-02 6.7013e-01
1.6169e-02 6.7347e-01
1.6642e-02 6.7893e-01
1.7114e-02 6.8773e-01
1.7587e-02 7.0093e-01
1.8059e-02 7.1893e-01
1.8532e-02 7.4427e-01
1.9005e-02 7.7053e-01
1.9477e-02 7.9840e-01
1.9950e-02 8.3147e-01
2.0422e-02 8.6160e-01
2.0895e-02 8.9120e-01
2.1368e-02 9.2093e-01
2.1840e-02 9.4280e-01
2.2313e-02 9.6053e-01
2.2785e-02 9.7293e-01
2.3258e-02 9.8240e-01
2.3730e-02 9.8947e-01
2.4203e-02 9.9440e-01
2.4676e-02 9.9653e-01
2.5148e-02 9.9827e-01
2.5621e-02 9.9947e-01
2.6093e-02 1.0000e+00
