   1.000000000000E-002         1  -3.109205236415E-011   2.046524916451E+003   3.307690102394E+002   1.228442322794E+006   1.198843163436E+004   1.300000000000E-004   4.690027211624E-001   3.828723219675E+003
   2.000000000000E-002         1   2.515730858478E-012   2.005740732957E+003   3.434748060558E+002   1.210678885050E+006   2.743795207136E+004   1.300000000000E-004   4.726298695652E-001   3.883138976917E+003
   3.000000000000E-002         1   8.600641213190E-012   1.977802796007E+003   3.531030552064E+002   1.197206424613E+006   3.957988871404E+004   1.300000000000E-004   4.754618823229E-001   3.919477652640E+003
   4.000000000000E-002         1   4.978725089016E-011   1.956193612917E+003   3.610606360593E+002   1.185981207976E+006   4.990254086321E+004   1.300000000000E-004   4.778309930384E-001   3.947488752663E+003
   5.000000000000E-002         1   1.465801803359E-011   1.938413549203E+003   3.679435605044E+002   1.176250051549E+006   5.903935010995E+004   1.300000000000E-004   4.798896940171E-001   3.970815811087E+003
   6.000000000000E-002         1   8.270314312373E-011   1.923196458409E+003   3.740646113819E+002   1.167518600420E+006   6.732555096826E+004   1.300000000000E-004   4.817478880045E-001   3.991107743668E+003
   7.000000000000E-002         1   2.553167791264E-013   1.909820259289E+003   3.796107065236E+002   1.159541330206E+006   7.496339440843E+004   1.300000000000E-004   4.834551123809E-001   4.009065601772E+003
   8.000000000000E-002         1   1.437202458192E-011   1.897869932737E+003   3.847036276581E+002   1.152140029352E+006   8.208563999675E+004   1.300000000000E-004   4.850473582723E-001   4.025196612663E+003
   9.000000000000E-002         1   3.017005413295E-011   1.887018516338E+003   3.894278388651E+002   1.145196155927E+006   8.878499104449E+004   1.300000000000E-004   4.865411547518E-001   4.039867204667E+003
   1.000000000000E-001         1   5.738561726823E-011   1.877028922411E+003   3.938444253004E+002   1.138637758435E+006   9.512892519706E+004   1.300000000000E-004   4.879498536683E-001   4.053370739686E+003
   1.100000000000E-001         1   1.079088919296E-011   1.867745203893E+003   3.980001562567E+002   1.132414366934E+006   1.011697192615E+005   1.300000000000E-004   4.892874314062E-001   4.065870918243E+003
   1.200000000000E-001         1   7.488362031544E-011   1.859066838261E+003   4.019295698374E+002   1.126485370990E+006   1.069456891729E+005   1.300000000000E-004   4.905623556934E-001   4.077437630512E+003
   1.300000000000E-001         1   4.520336206353E-011   1.850928427339E+003   4.056606123570E+002   1.120816044431E+006   1.124881194055E+005   1.300000000000E-004   4.917848609647E-001   4.088157386637E+003
   1.400000000000E-001         1   3.507279900850E-011   1.843267395496E+003   4.092175632322E+002   1.115366350789E+006   1.178248789158E+005   1.300000000000E-004   4.929635794067E-001   4.098155573720E+003
   1.500000000000E-001         1   3.334351562557E-011   1.836036519577E+003   4.126175968642E+002   1.110111265331E+006   1.229748094842E+005   1.300000000000E-004   4.941017815832E-001   4.107524447569E+003
   1.600000000000E-001         1   3.815566630363E-011   1.829178799097E+003   4.158783106371E+002   1.105030344135E+006   1.279585726655E+005   1.300000000000E-004   4.952008907323E-001   4.116351725961E+003
   1.700000000000E-001         1   4.012031696792E-011   1.822654277975E+003   4.190108019368E+002   1.100108445419E+006   1.327879893512E+005   1.300000000000E-004   4.962651695612E-001   4.124719725858E+003
   1.800000000000E-001         1   7.266317426594E-011   1.816419226743E+003   4.220287650132E+002   1.095330020490E+006   1.374796532596E+005   1.300000000000E-004   4.972968413046E-001   4.132687956355E+003
   1.900000000000E-001         1   5.763341904786E-011   1.810442068928E+003   4.249418997813E+002   1.090684934224E+006   1.420447518395E+005   1.300000000000E-004   4.982991980690E-001   4.140302674938E+003
   2.000000000000E-001         1   1.126285386172E-010   1.804706955241E+003   4.277557596559E+002   1.086172309451E+006   1.464885322893E+005   1.300000000000E-004   4.992727566263E-001   4.147585563973E+003
   2.100000000000E-001         1   8.528152507384E-011   1.799186206798E+003   4.304806784349E+002   1.081772487708E+006   1.508241757087E+005   1.300000000000E-004   5.002229667787E-001   4.154585033113E+003
   2.200000000000E-001         1   9.807218249496E-011   1.793875013036E+003   4.331192839215E+002   1.077487528444E+006   1.550530922965E+005   1.300000000000E-004   5.011488742837E-001   4.161301574185E+003
   2.300000000000E-001         1   4.558616696036E-011   1.788751160924E+003   4.356812941132E+002   1.073299908930E+006   1.591882735673E+005   1.300000000000E-004   5.020540819609E-001   4.167774463654E+003
   2.400000000000E-001         1   1.084061384061E-010   1.783813310121E+003   4.381666689620E+002   1.069214217547E+006   1.632273561564E+005   1.300000000000E-004   5.029384548019E-001   4.174022208691E+003
   2.500000000000E-001         1   7.252106571169E-011   1.779039097868E+003   4.405853616588E+002   1.065212490394E+006   1.671843161520E+005   1.300000000000E-004   5.038055353186E-001   4.180078578820E+003
   2.600000000000E-001         1   3.979080276144E-011   1.774416998007E+003   4.429414771450E+002   1.061288619514E+006   1.710639681488E+005   1.300000000000E-004   5.046562332162E-001   4.185963785416E+003
   2.700000000000E-001         1   6.608266033383E-011   1.769949012521E+003   4.452319768275E+002   1.057452012785E+006   1.748595093299E+005   1.300000000000E-004   5.054870094254E-001   4.191672795115E+003
   2.800000000000E-001         1   4.960339792192E-011   1.765609810105E+003   4.474673083330E+002   1.053685796785E+006   1.785864796996E+005   1.300000000000E-004   5.063015802103E-001   4.197238288432E+003
   2.900000000000E-001         1   3.027574731140E-011   1.761389694046E+003   4.496505281586E+002   1.049986040071E+006   1.822484862584E+005   1.300000000000E-004   5.071011232290E-001   4.202672756226E+003
   3.000000000000E-001         1   3.193131185484E-011   1.757296771412E+003   4.517754401858E+002   1.046365300286E+006   1.858336960679E+005   1.300000000000E-004   5.078833041103E-001   4.207963795611E+003
   3.100000000000E-001         1  -7.592627871446E-012   1.753306004311E+003   4.538539534448E+002   1.042805857738E+006   1.893607357306E+005   1.300000000000E-004   5.086522698611E-001   4.213140281264E+003
   3.200000000000E-001         1   3.279106844094E-011   1.749436604884E+003   4.558761014995E+002   1.039326200617E+006   1.928114311327E+005   1.300000000000E-004   5.094035073729E-001   4.218172672261E+003
   3.300000000000E-001         1  -2.171111221927E-011   1.745657310269E+003   4.578567766819E+002   1.035901334881E+006   1.962098512713E+005   1.300000000000E-004   5.101419186000E-001   4.223091463954E+003
   3.400000000000E-001         1   1.420606372701E-012   1.741963273619E+003   4.597979094305E+002   1.032528826902E+006   1.995582991185E+005   1.300000000000E-004   5.108697173454E-001   4.227908057700E+003
   3.500000000000E-001         1  -1.148005871066E-012   1.738383189703E+003   4.616847843753E+002   1.029234836901E+006   2.028303304112E+005   1.300000000000E-004   5.115820139063E-001   4.232584966067E+003
   3.600000000000E-001         1  -5.274761971125E-011   1.734879923573E+003   4.635361634665E+002   1.025987107569E+006   2.060572753224E+005   1.300000000000E-004   5.122847894129E-001   4.237165841978E+003
   3.700000000000E-001         1  -1.380163012523E-010   1.731494055641E+003   4.653308639311E+002   1.022825173822E+006   2.092012315095E+005   1.300000000000E-004   5.129688352788E-001   4.241593283216E+003
   3.800000000000E-001         1  -3.099365578216E-010   1.728237581784E+003   4.670619433958E+002   1.019763211282E+006   2.122486212214E+005   1.300000000000E-004   5.136314946057E-001   4.245854038143E+003
   3.900000000000E-001         1  -3.837912590136E-010   1.725129569780E+003   4.687188957766E+002   1.016820426136E+006   2.151793577857E+005   1.300000000000E-004   5.142684575398E-001   4.249922451266E+003
   4.000000000000E-001         1  -5.526162144714E-010   1.724137278770E+003   4.692515265941E+002   1.015876066968E+006   2.161259474517E+005   1.300000000000E-004   5.144748128992E-001   4.251232166615E+003
   4.100000000000E-001         1  -5.647123170181E-010   1.723151341793E+003   4.697813695014E+002   1.014935366227E+006   2.170689511800E+005   1.300000000000E-004   5.146803309942E-001   4.252534823486E+003
   4.200000000000E-001         1  -7.339111948754E-010   1.722171624483E+003   4.703084616227E+002   1.013997854552E+006   2.180084133226E+005   1.300000000000E-004   5.148849220309E-001   4.253828486660E+003
   4.300000000000E-001         1  -7.757976899607E-010   1.720514754915E+003   4.712000169217E+002   1.012409140915E+006   2.195996605942E+005   1.300000000000E-004   5.152308212758E-001   4.256010054389E+003
   4.400000000000E-001         1  -9.388779075004E-010   1.718400317034E+003   4.723387139380E+002   1.010371878341E+006   2.216368355819E+005   1.300000000000E-004   5.156733321944E-001   4.258791440471E+003
   4.500000000000E-001         1  -1.238943659902E-009   1.716312914920E+003   4.734648724278E+002   1.008350258336E+006   2.236578179050E+005   1.300000000000E-004   5.161121683682E-001   4.261536750252E+003
   4.600000000000E-001         1  -1.506173456717E-009   1.713926711370E+003   4.747533915835E+002   1.006027813703E+006   2.259771562902E+005   1.300000000000E-004   5.166151810566E-001   4.264669680329E+003
   4.700000000000E-001         1  -2.043521404901E-009   1.711573951161E+003   4.760260029219E+002   1.003726205533E+006   2.282758841788E+005   1.300000000000E-004   5.171129541818E-001   4.267754884203E+003
   4.800000000000E-001         1  -2.587370820293E-009   1.709031734369E+003   4.774024080487E+002   1.001226344273E+006   2.307706236940E+005   1.300000000000E-004   5.176522094210E-001   4.271079264532E+003
   4.900000000000E-001         1  -3.291738947236E-009   1.706526521216E+003   4.787608129710E+002   9.987506787008E+005   2.332419609268E+005   1.300000000000E-004   5.181858065259E-001   4.274350487188E+003
   5.000000000000E-001         1  -4.340371249073E-009   1.704056961339E+003   4.801017400535E+002   9.962979759844E+005   2.356905345039E+005   1.300000000000E-004   5.187144743604E-001   4.277570657759E+003
   5.100000000000E-001         1  -5.565722637449E-009   1.701472625711E+003   4.815060043879E+002   9.937180463628E+005   2.382640858800E+005   1.300000000000E-004   5.192710278080E-001   4.280937700114E+003
   5.200000000000E-001         1  -7.298216802407E-009   1.698925483994E+003   4.828917305663E+002   9.911617284487E+005   2.408134048026E+005   1.300000000000E-004   5.198234686906E-001   4.284253249904E+003
   5.300000000000E-001         1  -9.312231556733E-009   1.696414507847E+003   4.842594539325E+002   9.886290735182E+005   2.433391482693E+005   1.300000000000E-004   5.203712211981E-001   4.287517116401E+003
   5.400000000000E-001         1  -1.209067750202E-008   1.693938714525E+003   4.856096877361E+002   9.861199266871E+005   2.458419460780E+005   1.300000000000E-004   5.209144868966E-001   4.290729714604E+003
   5.500000000000E-001         1  -1.541986424100E-008   1.691398339046E+003   4.869963072558E+002   9.835311620206E+005   2.484216727816E+005   1.300000000000E-004   5.214736519652E-001   4.294013873282E+003
   5.600000000000E-001         1  -1.979169607224E-008   1.688893782039E+003   4.883650660732E+002   9.809667430620E+005   2.509778787939E+005   1.300000000000E-004   5.220277498497E-001   4.297242469430E+003
   5.700000000000E-001         1  -2.514645632096E-008   1.686424197959E+003   4.897164624305E+002   9.784260753475E+005   2.535111775765E+005   1.300000000000E-004   5.225756986840E-001   4.300412778129E+003
   5.800000000000E-001         1  -3.205741886281E-008   1.683988677522E+003   4.910509754951E+002   9.759085938795E+005   2.560221588875E+005   1.300000000000E-004   5.231187218159E-001   4.303530407315E+003
   5.900000000000E-001         1  -4.066953175469E-008   1.681586223289E+003   4.923690650548E+002   9.734123804854E+005   2.585113888037E+005   1.300000000000E-004   5.236572863779E-001   4.306598019287E+003
   6.000000000000E-001         1  -5.110474633867E-008   1.679215878106E+003   4.936711721182E+002   9.709369553654E+005   2.609794105925E+005   1.300000000000E-004   5.241923599057E-001   4.309620847969E+003
   6.100000000000E-001         1  -6.399358314408E-008   1.676812882442E+003   4.949923949359E+002   9.684152325845E+005   2.634926721677E+005   1.300000000000E-004   5.247385922170E-001   4.312680140213E+003
   6.200000000000E-001         1  -8.034437781864E-008   1.674441823984E+003   4.962976495596E+002   9.659146652298E+005   2.659846619451E+005   1.300000000000E-004   5.252796251266E-001   4.315686181086E+003
   6.300000000000E-001         1  -1.002460272563E-007   1.672101901196E+003   4.975873531233E+002   9.634346723881E+005   2.684558958504E+005   1.300000000000E-004   5.258154145295E-001   4.318640294619E+003
   6.400000000000E-001         1  -1.246169656830E-007   1.669792350224E+003   4.988619082465E+002   9.609760262887E+005   2.709068719105E+005   1.300000000000E-004   5.263459267105E-001   4.321542639195E+003
   6.500000000000E-001         1  -1.541704208079E-007   1.667512375023E+003   5.001217024560E+002   9.585384015790E+005   2.733380698152E+005   1.300000000000E-004   5.268731312382E-001   4.324398415320E+003
   6.600000000000E-001         1  -1.900643366053E-007   1.665261339753E+003   5.013671085708E+002   9.561205624768E+005   2.757499514950E+005   1.300000000000E-004   5.273983774109E-001   4.327211834511E+003
   6.700000000000E-001         1  -2.333479679940E-007   1.663038823456E+003   5.025984848999E+002   9.537238352361E+005   2.781429614872E+005   1.300000000000E-004   5.279196203902E-001   4.329981697993E+003
   6.800000000000E-001         1  -2.853668973016E-007   1.660844194105E+003   5.038161761731E+002   9.513462873779E+005   2.805175279352E+005   1.300000000000E-004   5.284375412940E-001   4.332710248751E+003
   6.900000000000E-001         1  -3.476161348836E-007   1.658636485809E+003   5.050426403829E+002   9.489420788415E+005   2.829173342973E+005   1.300000000000E-004   5.289627891328E-001   4.335449046858E+003
   7.000000000000E-001         1  -4.232156161971E-007   1.656456116687E+003   5.062555963776E+002   9.465518294711E+005   2.852988646446E+005   1.300000000000E-004   5.294846697652E-001   4.338144940330E+003
   7.100000000000E-001         1  -5.133890175274E-007   1.654302488353E+003   5.074553661315E+002   9.441766816638E+005   2.876625207088E+005   1.300000000000E-004   5.300026205609E-001   4.340799045558E+003
   7.200000000000E-001         1  -6.204463044545E-007   1.652174989301E+003   5.086422609479E+002   9.418178601804E+005   2.900086911727E+005   1.300000000000E-004   5.305157841317E-001   4.343408344079E+003
   7.300000000000E-001         1  -7.470694116849E-007   1.650073032573E+003   5.098165813935E+002   9.394769452551E+005   2.923377516589E+005   1.300000000000E-004   5.310244674332E-001   4.345974109418E+003
   7.400000000000E-001         1  -8.963875108424E-007   1.647996014900E+003   5.109786173363E+002   9.371548158831E+005   2.946500648422E+005   1.300000000000E-004   5.315284872459E-001   4.348498290732E+003
   7.500000000000E-001         1  -1.071957813382E-006   1.645943304784E+003   5.121286484932E+002   9.348497694814E+005   2.969459810613E+005   1.300000000000E-004   5.320286388909E-001   4.350982727884E+003
   7.600000000000E-001         1  -1.277624900893E-006   1.643914293261E+003   5.132669446567E+002   9.325618417946E+005   2.992258386877E+005   1.300000000000E-004   5.325256997666E-001   4.353431503362E+003
   7.700000000000E-001         1  -1.517803775122E-006   1.641908500493E+003   5.143937662817E+002   9.302917794102E+005   3.014899647452E+005   1.300000000000E-004   5.330197886958E-001   4.355845649824E+003
   7.800000000000E-001         1  -1.797284268657E-006   1.639925481093E+003   5.155093649075E+002   9.280387918953E+005   3.037386754262E+005   1.300000000000E-004   5.335106704299E-001   4.358225225619E+003
   7.900000000000E-001         1  -2.121722420755E-006   1.637964754429E+003   5.166139836448E+002   9.258003380098E+005   3.059722766533E+005   1.300000000000E-004   5.339980519377E-001   4.360570024174E+003
   8.000000000000E-001         1  -2.497058032138E-006   1.636025869561E+003   5.177078575358E+002   9.235756724788E+005   3.081910645330E+005   1.300000000000E-004   5.344823575756E-001   4.362882701526E+003
   8.100000000000E-001         1  -2.930087785210E-006   1.634083835770E+003   5.188048945103E+002   9.213362174652E+005   3.104231463211E+005   1.300000000000E-004   5.349707782875E-001   4.365192599683E+003
   8.200000000000E-001         1  -3.434603717867E-006   1.632163059532E+003   5.198913770615E+002   9.191113196180E+005   3.126406233826E+005   1.300000000000E-004   5.354557934131E-001   4.367467242200E+003
   8.300000000000E-001         1  -4.014278087316E-006   1.630263042717E+003   5.209675241434E+002   9.169025161155E+005   3.148437729039E+005   1.300000000000E-004   5.359403373932E-001   4.369713082924E+003
   8.400000000000E-001         1  -4.678727291118E-006   1.628383301717E+003   5.220335483253E+002   9.147103131863E+005   3.170328641618E+005   1.300000000000E-004   5.364223853059E-001   4.371926900375E+003
   8.500000000000E-001         1  -5.438002283244E-006   1.626523421651E+003   5.230896556172E+002   9.125316858852E+005   3.192081583944E+005   1.300000000000E-004   5.369015996704E-001   4.374115301021E+003
   8.600000000000E-001         1  -6.303524419237E-006   1.624683048441E+003   5.241360454884E+002   9.103613545557E+005   3.213699088777E+005   1.300000000000E-004   5.373779349770E-001   4.376277357030E+003
   8.700000000000E-001         1  -7.287673770428E-006   1.622861765897E+003   5.251729110440E+002   9.082045472399E+005   3.235183611460E+005   1.300000000000E-004   5.378513472202E-001   4.378411269126E+003
   8.800000000000E-001         1  -8.403800652489E-006   1.621059225165E+003   5.262004393680E+002   9.060613221565E+005   3.256537533604E+005   1.300000000000E-004   5.383211223564E-001   4.380513663855E+003
   8.900000000000E-001         1  -9.666603133240E-006   1.619275101370E+003   5.272188118156E+002   9.039322908692E+005   3.277763166714E+005   1.300000000000E-004   5.387879571921E-001   4.382588366799E+003
   9.000000000000E-001         1  -1.109204753090E-005   1.617509045122E+003   5.282282040474E+002   9.018156165756E+005   3.298862752959E+005   1.300000000000E-004   5.392531459538E-001   4.384639572530E+003
   9.100000000000E-001         1  -1.269733843632E-005   1.615760761193E+003   5.292287865154E+002   8.997095746025E+005   3.319838470757E+005   1.300000000000E-004   5.397159354287E-001   4.386664433430E+003
   9.200000000000E-001         1  -1.450086041822E-005   1.614029982079E+003   5.302207245446E+002   8.976158781304E+005   3.340692435554E+005   1.300000000000E-004   5.401751929585E-001   4.388661717613E+003
   9.300000000000E-001         1  -1.652288591834E-005   1.612316355508E+003   5.312041784260E+002   8.955361632756E+005   3.361426701233E+005   1.300000000000E-004   5.406303924907E-001   4.390629838323E+003
   9.400000000000E-001         1  -1.878487365794E-005   1.610619526666E+003   5.321793036682E+002   8.934699339057E+005   3.382043262892E+005   1.300000000000E-004   5.410819821707E-001   4.392570799675E+003
   9.500000000000E-001         1  -2.131002647338E-005   1.608939217333E+003   5.331462512349E+002   8.914174188982E+005   3.402544059512E+005   1.300000000000E-004   5.415298893569E-001   4.394483523097E+003
   9.600000000000E-001         1  -2.412326873149E-005   1.607275197594E+003   5.341051677930E+002   8.893790498818E+005   3.422930976810E+005   1.300000000000E-004   5.419756937303E-001   4.396372683327E+003
   9.700000000000E-001         1  -2.725099559597E-005   1.605627118412E+003   5.350561957832E+002   8.873532681059E+005   3.443205848675E+005   1.300000000000E-004   5.424223228552E-001   4.398244700639E+003
   9.800000000000E-001         1  -3.072173251756E-005   1.603994592709E+003   5.359994736471E+002   8.853346680002E+005   3.463370459480E+005   1.300000000000E-004   5.428675653104E-001   4.400096178591E+003
   9.900000000000E-001         1  -3.456579276938E-005   1.602377213414E+003   5.369351359660E+002   8.833204453939E+005   3.483426545619E+005   1.300000000000E-004   5.433115077993E-001   4.401931573129E+003
   1.000000000000E+000         1  -3.881529980857E-005   1.600774683962E+003   5.378633136909E+002   8.813165215974E+005   3.503375798410E+005   1.300000000000E-004   5.437544194372E-001   4.403758489246E+003